[Commanded speed (m/s)] 

tbl_data =

  4×6 <a href="matlab:helpPopup cell" style="font-weight:bold">cell</a> array

  Column 1

    {'Source' }
    {'Columns'}
    {'Error'  }
    {'Total'  }

  Columns 2 through 3

    {'SS'      }    {'df' }
    {[ 22.7241]}    {[  3]}
    {[122.2759]}    {[ 84]}
    {[     145]}    {[115]}

  Column 4

    {'MS'      }
    {[  7.5747]}
    {[  1.4557]}
    {0×0 double}

  Column 5

    {'Chi-sq'  }
    {[ 13.6345]}
    {0×0 double}
    {0×0 double}

  Column 6

    {'Prob>Chi-sq'}
    {[     0.0034]}
    {0×0 double   }
    {0×0 double   }


res_data =

  Columns 1 through 2

    1.0000    2.0000
    1.0000    3.0000
    1.0000    4.0000
    2.0000    3.0000
    2.0000    4.0000
    3.0000    4.0000

  Columns 3 through 4

   -1.7910   -0.8966
   -1.3772   -0.4828
   -2.0669   -1.1724
   -0.4807    0.4138
   -1.1703   -0.2759
   -1.5841   -0.6897

  Columns 5 through 6

   -0.0021    0.0491
    0.4117    0.9268
   -0.2780    0.0033
    1.3082    1.0000
    0.6186    1.0000
    0.2048    0.2516

[Commanded turn rate (rad/s)] 

tbl_data =

  4×6 <a href="matlab:helpPopup cell" style="font-weight:bold">cell</a> array

  Column 1

    {'Source' }
    {'Columns'}
    {'Error'  }
    {'Total'  }

  Columns 2 through 3

    {'SS'      }    {'df' }
    {[ 46.5172]}    {[  3]}
    {[ 98.4828]}    {[ 84]}
    {[145.0000]}    {[115]}

  Column 4

    {'MS'      }
    {[ 15.5057]}
    {[  1.1724]}
    {0×0 double}

  Column 5

    {'Chi-sq'  }
    {[ 27.9103]}
    {0×0 double}
    {0×0 double}

  Column 6

    {'Prob>Chi-sq'}
    {[ 3.7929e-06]}
    {0×0 double   }
    {0×0 double   }


res_data =

  Columns 1 through 2

    1.0000    2.0000
    1.0000    3.0000
    1.0000    4.0000
    2.0000    3.0000
    2.0000    4.0000
    3.0000    4.0000

  Columns 3 through 4

    0.2780    1.1724
   -0.7220    0.1724
    0.5883    1.4828
   -1.8945   -1.0000
   -0.5841    0.3103
    0.4159    1.3103

  Columns 5 through 6

    2.0669    0.0033
    1.0669    1.0000
    2.3772    0.0001
   -0.1055    0.0191
    1.2048    1.0000
    2.2048    0.0007

[Robot speed (m/s)] 

tbl_data =

  4×6 <a href="matlab:helpPopup cell" style="font-weight:bold">cell</a> array

  Column 1

    {'Source' }
    {'Columns'}
    {'Error'  }
    {'Total'  }

  Columns 2 through 3

    {'SS'      }    {'df' }
    {[ 37.9655]}    {[  3]}
    {[107.0345]}    {[ 84]}
    {[     145]}    {[115]}

  Column 4

    {'MS'      }
    {[ 12.6552]}
    {[  1.2742]}
    {0×0 double}

  Column 5

    {'Chi-sq'  }
    {[ 22.7793]}
    {0×0 double}
    {0×0 double}

  Column 6

    {'Prob>Chi-sq'}
    {[ 4.4894e-05]}
    {0×0 double   }
    {0×0 double   }


res_data =

  Columns 1 through 2

    1.0000    2.0000
    1.0000    3.0000
    1.0000    4.0000
    2.0000    3.0000
    2.0000    4.0000
    3.0000    4.0000

  Columns 3 through 4

   -1.8255   -0.9310
   -1.3772   -0.4828
   -2.4462   -1.5517
   -0.4462    0.4483
   -1.5151   -0.6207
   -1.9634   -1.0690

  Columns 5 through 6

   -0.0366    0.0362
    0.4117    0.9268
   -0.6573    0.0000
    1.3427    1.0000
    0.2738    0.4028
   -0.1745    0.0097

[Robot turn rate (rad/s)] 

tbl_data =

  4×6 <a href="matlab:helpPopup cell" style="font-weight:bold">cell</a> array

  Column 1

    {'Source' }
    {'Columns'}
    {'Error'  }
    {'Total'  }

  Columns 2 through 3

    {'SS'      }    {'df' }
    {[ 17.6897]}    {[  3]}
    {[127.3103]}    {[ 84]}
    {[     145]}    {[115]}

  Column 4

    {'MS'      }
    {[  5.8966]}
    {[  1.5156]}
    {0×0 double}

  Column 5

    {'Chi-sq'  }
    {[ 10.6138]}
    {0×0 double}
    {0×0 double}

  Column 6

    {'Prob>Chi-sq'}
    {[     0.0140]}
    {0×0 double   }
    {0×0 double   }


res_data =

  Columns 1 through 2

    1.0000    2.0000
    1.0000    3.0000
    1.0000    4.0000
    2.0000    3.0000
    2.0000    4.0000
    3.0000    4.0000

  Columns 3 through 4

   -0.7910    0.1034
   -1.4807   -0.5862
   -1.7220   -0.8276
   -1.5841   -0.6897
   -1.8255   -0.9310
   -1.1358   -0.2414

  Columns 5 through 6

    0.9979    1.0000
    0.3082    0.5028
    0.0669    0.0879
    0.2048    0.2516
   -0.0366    0.0362
    0.6531    1.0000

