[Commanded speed (m/s)] 

tbl_data =

  4×6 <a href="matlab:helpPopup cell" style="font-weight:bold">cell</a> array

  Columns 1 through 2

    {'Source' }    {'SS'      }
    {'Columns'}    {[ 22.7241]}
    {'Error'  }    {[122.2759]}
    {'Total'  }    {[     145]}

  Columns 3 through 4

    {'df' }    {'MS'      }
    {[  3]}    {[  7.5747]}
    {[ 84]}    {[  1.4557]}
    {[115]}    {0×0 double}

  Column 5

    {'Chi-sq'  }
    {[ 13.6345]}
    {0×0 double}
    {0×0 double}

  Column 6

    {'Prob>Chi-sq'}
    {[     0.0034]}
    {0×0 double   }
    {0×0 double   }


res_data =

  Columns 1 through 3

    1.0000    2.0000   -1.7910
    1.0000    3.0000   -1.3772
    1.0000    4.0000   -2.0669
    2.0000    3.0000   -0.4807
    2.0000    4.0000   -1.1703
    3.0000    4.0000   -1.5841

  Columns 4 through 6

   -0.8966   -0.0021    0.0491
   -0.4828    0.4117    0.9268
   -1.1724   -0.2780    0.0033
    0.4138    1.3082    1.0000
   -0.2759    0.6186    1.0000
   -0.6897    0.2048    0.2516

[Commanded turn rate (rad/s)] 

tbl_data =

  4×6 <a href="matlab:helpPopup cell" style="font-weight:bold">cell</a> array

  Columns 1 through 2

    {'Source' }    {'SS'      }
    {'Columns'}    {[ 46.5172]}
    {'Error'  }    {[ 98.4828]}
    {'Total'  }    {[145.0000]}

  Columns 3 through 4

    {'df' }    {'MS'      }
    {[  3]}    {[ 15.5057]}
    {[ 84]}    {[  1.1724]}
    {[115]}    {0×0 double}

  Column 5

    {'Chi-sq'  }
    {[ 27.9103]}
    {0×0 double}
    {0×0 double}

  Column 6

    {'Prob>Chi-sq'}
    {[ 3.7929e-06]}
    {0×0 double   }
    {0×0 double   }


res_data =

  Columns 1 through 3

    1.0000    2.0000    0.2780
    1.0000    3.0000   -0.7220
    1.0000    4.0000    0.5883
    2.0000    3.0000   -1.8945
    2.0000    4.0000   -0.5841
    3.0000    4.0000    0.4159

  Columns 4 through 6

    1.1724    2.0669    0.0033
    0.1724    1.0669    1.0000
    1.4828    2.3772    0.0001
   -1.0000   -0.1055    0.0191
    0.3103    1.2048    1.0000
    1.3103    2.2048    0.0007

[Robot speed (m/s)] 

tbl_data =

  4×6 <a href="matlab:helpPopup cell" style="font-weight:bold">cell</a> array

  Columns 1 through 2

    {'Source' }    {'SS'      }
    {'Columns'}    {[ 37.9655]}
    {'Error'  }    {[107.0345]}
    {'Total'  }    {[     145]}

  Columns 3 through 4

    {'df' }    {'MS'      }
    {[  3]}    {[ 12.6552]}
    {[ 84]}    {[  1.2742]}
    {[115]}    {0×0 double}

  Column 5

    {'Chi-sq'  }
    {[ 22.7793]}
    {0×0 double}
    {0×0 double}

  Column 6

    {'Prob>Chi-sq'}
    {[ 4.4894e-05]}
    {0×0 double   }
    {0×0 double   }


res_data =

  Columns 1 through 3

    1.0000    2.0000   -1.8255
    1.0000    3.0000   -1.3772
    1.0000    4.0000   -2.4462
    2.0000    3.0000   -0.4462
    2.0000    4.0000   -1.5151
    3.0000    4.0000   -1.9634

  Columns 4 through 6

   -0.9310   -0.0366    0.0362
   -0.4828    0.4117    0.9268
   -1.5517   -0.6573    0.0000
    0.4483    1.3427    1.0000
   -0.6207    0.2738    0.4028
   -1.0690   -0.1745    0.0097

[Robot turn rate (rad/s)] 

tbl_data =

  4×6 <a href="matlab:helpPopup cell" style="font-weight:bold">cell</a> array

  Columns 1 through 2

    {'Source' }    {'SS'      }
    {'Columns'}    {[ 17.6897]}
    {'Error'  }    {[127.3103]}
    {'Total'  }    {[     145]}

  Columns 3 through 4

    {'df' }    {'MS'      }
    {[  3]}    {[  5.8966]}
    {[ 84]}    {[  1.5156]}
    {[115]}    {0×0 double}

  Column 5

    {'Chi-sq'  }
    {[ 10.6138]}
    {0×0 double}
    {0×0 double}

  Column 6

    {'Prob>Chi-sq'}
    {[     0.0140]}
    {0×0 double   }
    {0×0 double   }


res_data =

  Columns 1 through 3

    1.0000    2.0000   -0.7910
    1.0000    3.0000   -1.4807
    1.0000    4.0000   -1.7220
    2.0000    3.0000   -1.5841
    2.0000    4.0000   -1.8255
    3.0000    4.0000   -1.1358

  Columns 4 through 6

    0.1034    0.9979    1.0000
   -0.5862    0.3082    0.5028
   -0.8276    0.0669    0.0879
   -0.6897    0.2048    0.2516
   -0.9310   -0.0366    0.0362
   -0.2414    0.6531    1.0000

