[Mental] 

tbl_data =

  4×6 <a href="matlab:helpPopup cell" style="font-weight:bold">cell</a> array

  Column 1

    {'Source' }
    {'Columns'}
    {'Error'  }
    {'Total'  }

  Columns 2 through 3

    {'SS'     }    {'df'}
    {[23.1333]}    {[ 3]}
    {[41.8667]}    {[42]}
    {[     65]}    {[59]}

  Column 4

    {'MS'      }
    {[  7.7111]}
    {[  0.9968]}
    {0×0 double}

  Column 5

    {'Chi-sq'  }
    {[ 16.0154]}
    {0×0 double}
    {0×0 double}

  Column 6

    {'Prob>Chi-sq'}
    {[     0.0011]}
    {0×0 double   }
    {0×0 double   }


res_data =

  Columns 1 through 2

    1.0000    2.0000
    1.0000    3.0000
    1.0000    4.0000
    2.0000    3.0000
    2.0000    4.0000
    3.0000    4.0000

  Columns 3 through 4

   -0.0911    1.0667
   -0.3578    0.8000
    0.5755    1.7333
   -1.4245   -0.2667
   -0.4911    0.6667
   -0.2245    0.9333

  Columns 5 through 6

    2.2245    0.0904
    1.9578    0.4099
    2.8911    0.0005
    0.8911    1.0000
    1.8245    0.7724
    2.0911    0.2006

[Physical] 

tbl_data =

  4×6 <a href="matlab:helpPopup cell" style="font-weight:bold">cell</a> array

  Column 1

    {'Source' }
    {'Columns'}
    {'Error'  }
    {'Total'  }

  Columns 2 through 3

    {'SS'     }    {'df'}
    {[11.2333]}    {[ 3]}
    {[34.7667]}    {[42]}
    {[     46]}    {[59]}

  Column 4

    {'MS'      }
    {[  3.7444]}
    {[  0.8278]}
    {0×0 double}

  Column 5

    {'Chi-sq'  }
    {[ 10.9891]}
    {0×0 double}
    {0×0 double}

  Column 6

    {'Prob>Chi-sq'}
    {[     0.0118]}
    {0×0 double   }
    {0×0 double   }


res_data =

  Columns 1 through 2

    1.0000    2.0000
    1.0000    3.0000
    1.0000    4.0000
    2.0000    3.0000
    2.0000    4.0000
    3.0000    4.0000

  Columns 3 through 4

   -0.1407    0.8333
   -0.7407    0.2333
    0.0927    1.0667
   -1.5740   -0.6000
   -0.7407    0.2333
   -0.1407    0.8333

  Columns 5 through 6

    1.8073    0.1440
    1.2073    1.0000
    2.0407    0.0232
    0.3740    0.6247
    1.2073    1.0000
    1.8073    0.1440

[Temporal] 

tbl_data =

  4×6 <a href="matlab:helpPopup cell" style="font-weight:bold">cell</a> array

  Column 1

    {'Source' }
    {'Columns'}
    {'Error'  }
    {'Total'  }

  Columns 2 through 3

    {'SS'     }    {'df'}
    {[11.7667]}    {[ 3]}
    {[46.7333]}    {[42]}
    {[58.5000]}    {[59]}

  Column 4

    {'MS'      }
    {[  3.9222]}
    {[  1.1127]}
    {0×0 double}

  Column 5

    {'Chi-sq'  }
    {[  9.0513]}
    {0×0 double}
    {0×0 double}

  Column 6

    {'Prob>Chi-sq'}
    {[     0.0286]}
    {0×0 double   }
    {0×0 double   }


res_data =

  Columns 1 through 2

    1.0000    2.0000
    1.0000    3.0000
    1.0000    4.0000
    2.0000    3.0000
    2.0000    4.0000
    3.0000    4.0000

  Columns 3 through 4

   -0.8317    0.2667
   -0.3984    0.7000
    0.0683    1.1667
   -0.6651    0.4333
   -0.1984    0.9000
   -0.6317    0.4667

  Columns 5 through 6

    1.3651    1.0000
    1.7984    0.5562
    2.2651    0.0304
    1.5317    1.0000
    1.9984    0.1838
    1.5651    1.0000

[Performance] 

tbl_data =

  4×6 <a href="matlab:helpPopup cell" style="font-weight:bold">cell</a> array

  Column 1

    {'Source' }
    {'Columns'}
    {'Error'  }
    {'Total'  }

  Columns 2 through 3

    {'SS'     }    {'df'}
    {[ 6.4333]}    {[ 3]}
    {[29.5667]}    {[42]}
    {[     36]}    {[59]}

  Column 4

    {'MS'      }
    {[  2.1444]}
    {[  0.7040]}
    {0×0 double}

  Column 5

    {'Chi-sq'  }
    {[  8.0417]}
    {0×0 double}
    {0×0 double}

  Column 6

    {'Prob>Chi-sq'}
    {[     0.0452]}
    {0×0 double   }
    {0×0 double   }


res_data =

  Columns 1 through 2

    1.0000    2.0000
    1.0000    3.0000
    1.0000    4.0000
    2.0000    3.0000
    2.0000    4.0000
    3.0000    4.0000

  Columns 3 through 4

   -0.3617    0.5000
   -0.8950   -0.0333
   -0.1283    0.7333
   -1.3950   -0.5333
   -0.6283    0.2333
   -0.0950    0.7667

  Columns 5 through 6

    1.3617    0.7547
    0.8283    1.0000
    1.5950    0.1485
    0.3283    0.6148
    1.0950    1.0000
    1.6283    0.1134

[Effort] 

tbl_data =

  4×6 <a href="matlab:helpPopup cell" style="font-weight:bold">cell</a> array

  Column 1

    {'Source' }
    {'Columns'}
    {'Error'  }
    {'Total'  }

  Columns 2 through 3

    {'SS'     }    {'df'}
    {[24.3333]}    {[ 3]}
    {[35.6667]}    {[42]}
    {[     60]}    {[59]}

  Column 4

    {'MS'      }
    {[  8.1111]}
    {[  0.8492]}
    {0×0 double}

  Column 5

    {'Chi-sq'  }
    {[ 18.2500]}
    {0×0 double}
    {0×0 double}

  Column 6

    {'Prob>Chi-sq'}
    {[ 3.9060e-04]}
    {0×0 double   }
    {0×0 double   }


res_data =

  Columns 1 through 2

    1.0000    2.0000
    1.0000    3.0000
    1.0000    4.0000
    2.0000    3.0000
    2.0000    4.0000
    3.0000    4.0000

  Columns 3 through 4

    0.1543    1.2667
    0.0209    1.1333
    0.6209    1.7333
   -1.2457   -0.1333
   -0.6457    0.4667
   -0.5124    0.6000

  Columns 5 through 6

    2.3791    0.0160
    2.2457    0.0431
    2.8457    0.0002
    0.9791    1.0000
    1.5791    1.0000
    1.7124    0.9284

[Frustration] 

tbl_data =

  4×6 <a href="matlab:helpPopup cell" style="font-weight:bold">cell</a> array

  Column 1

    {'Source' }
    {'Columns'}
    {'Error'  }
    {'Total'  }

  Columns 2 through 3

    {'SS'     }    {'df'}
    {[ 7.1000]}    {[ 3]}
    {[40.4000]}    {[42]}
    {[47.5000]}    {[59]}

  Column 4

    {'MS'      }
    {[  2.3667]}
    {[  0.9619]}
    {0×0 double}

  Column 5

    {'Chi-sq'  }
    {[  6.7263]}
    {0×0 double}
    {0×0 double}

  Column 6

    {'Prob>Chi-sq'}
    {[     0.0812]}
    {0×0 double   }
    {0×0 double   }

