[Time to find (s)] 

tbl_data =

  4×6 <a href="matlab:helpPopup cell" style="font-weight:bold">cell</a> array

  Column 1

    {'Source' }
    {'Columns'}
    {'Error'  }
    {'Total'  }

  Column 2

    {'SS'     }
    {[71.4828]}
    {[73.5172]}
    {[    145]}

  Column 3

    {'df' }
    {[  3]}
    {[ 84]}
    {[115]}

  Column 4

    {'MS'      }
    {[ 23.8276]}
    {[  0.8752]}
    {0×0 double}

  Column 5

    {'Chi-sq'  }
    {[ 42.8897]}
    {0×0 double}
    {0×0 double}

  Column 6

    {'Prob>Chi-sq'}
    {[ 2.5974e-09]}
    {0×0 double   }
    {0×0 double   }


res_data =

  Columns 1 through 2

    1.0000    2.0000
    1.0000    3.0000
    1.0000    4.0000
    2.0000    3.0000
    2.0000    4.0000
    3.0000    4.0000

  Columns 3 through 4

    0.0366    0.9310
   -0.8945         0
    1.0021    1.8966
   -1.8255   -0.9310
    0.0711    0.9655
    1.0021    1.8966

  Columns 5 through 6

    1.8255    0.0362
    0.8945    1.0000
    2.7910    0.0000
   -0.0366    0.0362
    1.8600    0.0264
    2.7910    0.0000

[Distance travelled (m)] 

tbl_data =

  4×6 <a href="matlab:helpPopup cell" style="font-weight:bold">cell</a> array

  Column 1

    {'Source' }
    {'Columns'}
    {'Error'  }
    {'Total'  }

  Column 2

    {'SS'     }
    {[58.1034]}
    {[86.8966]}
    {[    145]}

  Column 3

    {'df' }
    {[  3]}
    {[ 84]}
    {[115]}

  Column 4

    {'MS'      }
    {[ 19.3678]}
    {[  1.0345]}
    {0×0 double}

  Column 5

    {'Chi-sq'  }
    {[ 34.8621]}
    {0×0 double}
    {0×0 double}

  Column 6

    {'Prob>Chi-sq'}
    {[ 1.3028e-07]}
    {0×0 double   }
    {0×0 double   }


res_data =

  Columns 1 through 2

    1.0000    2.0000
    1.0000    3.0000
    1.0000    4.0000
    2.0000    3.0000
    2.0000    4.0000
    3.0000    4.0000

  Columns 3 through 4

    0.1745    1.0690
   -0.8255    0.0690
    0.7952    1.6897
   -1.8945   -1.0000
   -0.2738    0.6207
    0.7262    1.6207

  Columns 5 through 6

    1.9634    0.0097
    0.9634    1.0000
    2.5841    0.0000
   -0.1055    0.0191
    1.5151    0.4028
    2.5151    0.0000

[Fraction time staying in place] 

tbl_data =

  4×6 <a href="matlab:helpPopup cell" style="font-weight:bold">cell</a> array

  Column 1

    {'Source' }
    {'Columns'}
    {'Error'  }
    {'Total'  }

  Column 2

    {'SS'      }
    {[ 17.9655]}
    {[127.0345]}
    {[     145]}

  Column 3

    {'df' }
    {[  3]}
    {[ 84]}
    {[115]}

  Column 4

    {'MS'      }
    {[  5.9885]}
    {[  1.5123]}
    {0×0 double}

  Column 5

    {'Chi-sq'  }
    {[ 10.7793]}
    {0×0 double}
    {0×0 double}

  Column 6

    {'Prob>Chi-sq'}
    {[     0.0130]}
    {0×0 double   }
    {0×0 double   }


res_data =

  Columns 1 through 2

    1.0000    2.0000
    1.0000    3.0000
    1.0000    4.0000
    2.0000    3.0000
    2.0000    4.0000
    3.0000    4.0000

  Columns 3 through 4

   -0.5151    0.3793
   -0.6186    0.2759
    0.1745    1.0690
   -0.9979   -0.1034
   -0.2048    0.6897
   -0.1013    0.7931

  Columns 5 through 6

    1.2738    1.0000
    1.1703    1.0000
    1.9634    0.0097
    0.7910    1.0000
    1.5841    0.2516
    1.6876    0.1159

[Fraction time spent turning in place] 

tbl_data =

  4×6 <a href="matlab:helpPopup cell" style="font-weight:bold">cell</a> array

  Column 1

    {'Source' }
    {'Columns'}
    {'Error'  }
    {'Total'  }

  Column 2

    {'SS'      }
    {[  4.4483]}
    {[140.5517]}
    {[     145]}

  Column 3

    {'df' }
    {[  3]}
    {[ 84]}
    {[115]}

  Column 4

    {'MS'      }
    {[  1.4828]}
    {[  1.6732]}
    {0×0 double}

  Column 5

    {'Chi-sq'  }
    {[  2.6690]}
    {0×0 double}
    {0×0 double}

  Column 6

    {'Prob>Chi-sq'}
    {[     0.4455]}
    {0×0 double   }
    {0×0 double   }

[Average time spent staying still (s)] 

tbl_data =

  4×6 <a href="matlab:helpPopup cell" style="font-weight:bold">cell</a> array

  Column 1

    {'Source' }
    {'Columns'}
    {'Error'  }
    {'Total'  }

  Column 2

    {'SS'     }
    {[50.9310]}
    {[94.0690]}
    {[    145]}

  Column 3

    {'df' }
    {[  3]}
    {[ 84]}
    {[115]}

  Column 4

    {'MS'      }
    {[ 16.9770]}
    {[  1.1199]}
    {0×0 double}

  Column 5

    {'Chi-sq'  }
    {[ 30.5586]}
    {0×0 double}
    {0×0 double}

  Column 6

    {'Prob>Chi-sq'}
    {[ 1.0528e-06]}
    {0×0 double   }
    {0×0 double   }


res_data =

  Columns 1 through 2

    1.0000    2.0000
    1.0000    3.0000
    1.0000    4.0000
    2.0000    3.0000
    2.0000    4.0000
    3.0000    4.0000

  Columns 3 through 4

   -0.0324    0.8621
   -0.5496    0.3448
    0.8642    1.7586
   -1.4117   -0.5172
    0.0021    0.8966
    0.5193    1.4138

  Columns 5 through 6

    1.7565    0.0660
    1.2393    1.0000
    2.6531    0.0000
    0.3772    0.7626
    1.7910    0.0491
    2.3082    0.0002

[Fraction time spent staying still] 

tbl_data =

  4×6 <a href="matlab:helpPopup cell" style="font-weight:bold">cell</a> array

  Column 1

    {'Source' }
    {'Columns'}
    {'Error'  }
    {'Total'  }

  Column 2

    {'SS'     }
    {[31.0000]}
    {[    114]}
    {[    145]}

  Column 3

    {'df' }
    {[  3]}
    {[ 84]}
    {[115]}

  Column 4

    {'MS'      }
    {[ 10.3333]}
    {[  1.3571]}
    {0×0 double}

  Column 5

    {'Chi-sq'  }
    {[ 18.6000]}
    {0×0 double}
    {0×0 double}

  Column 6

    {'Prob>Chi-sq'}
    {[ 3.3072e-04]}
    {0×0 double   }
    {0×0 double   }


res_data =

  Columns 1 through 2

    1.0000    2.0000
    1.0000    3.0000
    1.0000    4.0000
    2.0000    3.0000
    2.0000    4.0000
    3.0000    4.0000

  Columns 3 through 4

   -0.3427    0.5517
   -0.2048    0.6897
    0.5538    1.4483
   -0.7565    0.1379
    0.0021    0.8966
   -0.1358    0.7586

  Columns 5 through 6

    1.4462    0.6220
    1.5841    0.2516
    2.3427    0.0001
    1.0324    1.0000
    1.7910    0.0491
    1.6531    0.1515

[Frequency of stops] 

tbl_data =

  4×6 <a href="matlab:helpPopup cell" style="font-weight:bold">cell</a> array

  Column 1

    {'Source' }
    {'Columns'}
    {'Error'  }
    {'Total'  }

  Column 2

    {'SS'      }
    {[ 10.9310]}
    {[134.0690]}
    {[     145]}

  Column 3

    {'df' }
    {[  3]}
    {[ 84]}
    {[115]}

  Column 4

    {'MS'      }
    {[  3.6437]}
    {[  1.5961]}
    {0×0 double}

  Column 5

    {'Chi-sq'  }
    {[  6.5586]}
    {0×0 double}
    {0×0 double}

  Column 6

    {'Prob>Chi-sq'}
    {[     0.0874]}
    {0×0 double   }
    {0×0 double   }

