[Time to find (s)] 

tbl_data =

  4×6 <a href="matlab:helpPopup cell" style="font-weight:bold">cell</a> array

  Columns 1 through 3

    {'Source' }    {'SS'     }    {'df' }
    {'Columns'}    {[71.4828]}    {[  3]}
    {'Error'  }    {[73.5172]}    {[ 84]}
    {'Total'  }    {[    145]}    {[115]}

  Columns 4 through 6

    {'MS'      }    {'Chi-sq'  }    {'Prob>Chi-sq'}
    {[ 23.8276]}    {[ 42.8897]}    {[ 2.5974e-09]}
    {[  0.8752]}    {0×0 double}    {0×0 double   }
    {0×0 double}    {0×0 double}    {0×0 double   }


res_data =

  Columns 1 through 5

    1.0000    2.0000    0.0366    0.9310    1.8255
    1.0000    3.0000   -0.8945         0    0.8945
    1.0000    4.0000    1.0021    1.8966    2.7910
    2.0000    3.0000   -1.8255   -0.9310   -0.0366
    2.0000    4.0000    0.0711    0.9655    1.8600
    3.0000    4.0000    1.0021    1.8966    2.7910

  Column 6

    0.0362
    1.0000
    0.0000
    0.0362
    0.0264
    0.0000

[Distance travelled (m)] 

tbl_data =

  4×6 <a href="matlab:helpPopup cell" style="font-weight:bold">cell</a> array

  Columns 1 through 3

    {'Source' }    {'SS'     }    {'df' }
    {'Columns'}    {[58.1034]}    {[  3]}
    {'Error'  }    {[86.8966]}    {[ 84]}
    {'Total'  }    {[    145]}    {[115]}

  Columns 4 through 6

    {'MS'      }    {'Chi-sq'  }    {'Prob>Chi-sq'}
    {[ 19.3678]}    {[ 34.8621]}    {[ 1.3028e-07]}
    {[  1.0345]}    {0×0 double}    {0×0 double   }
    {0×0 double}    {0×0 double}    {0×0 double   }


res_data =

  Columns 1 through 5

    1.0000    2.0000    0.1745    1.0690    1.9634
    1.0000    3.0000   -0.8255    0.0690    0.9634
    1.0000    4.0000    0.7952    1.6897    2.5841
    2.0000    3.0000   -1.8945   -1.0000   -0.1055
    2.0000    4.0000   -0.2738    0.6207    1.5151
    3.0000    4.0000    0.7262    1.6207    2.5151

  Column 6

    0.0097
    1.0000
    0.0000
    0.0191
    0.4028
    0.0000

[Fraction time staying in place] 

tbl_data =

  4×6 <a href="matlab:helpPopup cell" style="font-weight:bold">cell</a> array

  Columns 1 through 3

    {'Source' }    {'SS'      }    {'df' }
    {'Columns'}    {[ 17.9655]}    {[  3]}
    {'Error'  }    {[127.0345]}    {[ 84]}
    {'Total'  }    {[     145]}    {[115]}

  Columns 4 through 6

    {'MS'      }    {'Chi-sq'  }    {'Prob>Chi-sq'}
    {[  5.9885]}    {[ 10.7793]}    {[     0.0130]}
    {[  1.5123]}    {0×0 double}    {0×0 double   }
    {0×0 double}    {0×0 double}    {0×0 double   }


res_data =

  Columns 1 through 5

    1.0000    2.0000   -0.5151    0.3793    1.2738
    1.0000    3.0000   -0.6186    0.2759    1.1703
    1.0000    4.0000    0.1745    1.0690    1.9634
    2.0000    3.0000   -0.9979   -0.1034    0.7910
    2.0000    4.0000   -0.2048    0.6897    1.5841
    3.0000    4.0000   -0.1013    0.7931    1.6876

  Column 6

    1.0000
    1.0000
    0.0097
    1.0000
    0.2516
    0.1159

[Fraction time spent turning in place] 

tbl_data =

  4×6 <a href="matlab:helpPopup cell" style="font-weight:bold">cell</a> array

  Columns 1 through 3

    {'Source' }    {'SS'      }    {'df' }
    {'Columns'}    {[  4.4483]}    {[  3]}
    {'Error'  }    {[140.5517]}    {[ 84]}
    {'Total'  }    {[     145]}    {[115]}

  Columns 4 through 6

    {'MS'      }    {'Chi-sq'  }    {'Prob>Chi-sq'}
    {[  1.4828]}    {[  2.6690]}    {[     0.4455]}
    {[  1.6732]}    {0×0 double}    {0×0 double   }
    {0×0 double}    {0×0 double}    {0×0 double   }

[Average time spent staying still (s)] 

tbl_data =

  4×6 <a href="matlab:helpPopup cell" style="font-weight:bold">cell</a> array

  Columns 1 through 3

    {'Source' }    {'SS'     }    {'df' }
    {'Columns'}    {[50.9310]}    {[  3]}
    {'Error'  }    {[94.0690]}    {[ 84]}
    {'Total'  }    {[    145]}    {[115]}

  Columns 4 through 6

    {'MS'      }    {'Chi-sq'  }    {'Prob>Chi-sq'}
    {[ 16.9770]}    {[ 30.5586]}    {[ 1.0528e-06]}
    {[  1.1199]}    {0×0 double}    {0×0 double   }
    {0×0 double}    {0×0 double}    {0×0 double   }


res_data =

  Columns 1 through 5

    1.0000    2.0000   -0.0324    0.8621    1.7565
    1.0000    3.0000   -0.5496    0.3448    1.2393
    1.0000    4.0000    0.8642    1.7586    2.6531
    2.0000    3.0000   -1.4117   -0.5172    0.3772
    2.0000    4.0000    0.0021    0.8966    1.7910
    3.0000    4.0000    0.5193    1.4138    2.3082

  Column 6

    0.0660
    1.0000
    0.0000
    0.7626
    0.0491
    0.0002

[Fraction time spent staying still] 

tbl_data =

  4×6 <a href="matlab:helpPopup cell" style="font-weight:bold">cell</a> array

  Columns 1 through 3

    {'Source' }    {'SS'     }    {'df' }
    {'Columns'}    {[31.0000]}    {[  3]}
    {'Error'  }    {[    114]}    {[ 84]}
    {'Total'  }    {[    145]}    {[115]}

  Columns 4 through 6

    {'MS'      }    {'Chi-sq'  }    {'Prob>Chi-sq'}
    {[ 10.3333]}    {[ 18.6000]}    {[ 3.3072e-04]}
    {[  1.3571]}    {0×0 double}    {0×0 double   }
    {0×0 double}    {0×0 double}    {0×0 double   }


res_data =

  Columns 1 through 5

    1.0000    2.0000   -0.3427    0.5517    1.4462
    1.0000    3.0000   -0.2048    0.6897    1.5841
    1.0000    4.0000    0.5538    1.4483    2.3427
    2.0000    3.0000   -0.7565    0.1379    1.0324
    2.0000    4.0000    0.0021    0.8966    1.7910
    3.0000    4.0000   -0.1358    0.7586    1.6531

  Column 6

    0.6220
    0.2516
    0.0001
    1.0000
    0.0491
    0.1515

[Frequency of stops] 

tbl_data =

  4×6 <a href="matlab:helpPopup cell" style="font-weight:bold">cell</a> array

  Columns 1 through 3

    {'Source' }    {'SS'      }    {'df' }
    {'Columns'}    {[ 10.9310]}    {[  3]}
    {'Error'  }    {[134.0690]}    {[ 84]}
    {'Total'  }    {[     145]}    {[115]}

  Columns 4 through 6

    {'MS'      }    {'Chi-sq'  }    {'Prob>Chi-sq'}
    {[  3.6437]}    {[  6.5586]}    {[     0.0874]}
    {[  1.5961]}    {0×0 double}    {0×0 double   }
    {0×0 double}    {0×0 double}    {0×0 double   }

