[Time to find (s)] 

tbl_data =

  4×6 <a href="matlab:helpPopup cell" style="font-weight:bold">cell</a> array

  Column 1

    {'Source' }
    {'Columns'}
    {'Error'  }
    {'Total'  }

  Column 2

    {'SS'      }
    {[105.1379]}
    {[ 39.8621]}
    {[145.0000]}

  Column 3

    {'df' }
    {[  3]}
    {[ 84]}
    {[115]}

  Column 4

    {'MS'      }
    {[ 35.0460]}
    {[  0.4745]}
    {0×0 double}

  Column 5

    {'Chi-sq'  }
    {[ 63.0828]}
    {0×0 double}
    {0×0 double}

  Column 6

    {'Prob>Chi-sq'}
    {[ 1.2894e-13]}
    {0×0 double   }
    {0×0 double   }


res_data =

  Column 1

    1.0000
    1.0000
    1.0000
    2.0000
    2.0000
    3.0000

  Column 2

    2.0000
    3.0000
    4.0000
    3.0000
    4.0000
    4.0000

  Column 3

    0.8987
    0.1745
    1.6918
   -1.6186
   -0.1013
    0.6228

  Column 4

    1.7931
    1.0690
    2.5862
   -0.7241
    0.7931
    1.5172

  Column 5

    2.6876
    1.9634
    3.4807
    0.1703
    1.6876
    2.4117

  Column 6

    0.0000
    0.0097
    0.0000
    0.1961
    0.1159
    0.0000

[Distance travelled (m)] 

tbl_data =

  4×6 <a href="matlab:helpPopup cell" style="font-weight:bold">cell</a> array

  Column 1

    {'Source' }
    {'Columns'}
    {'Error'  }
    {'Total'  }

  Column 2

    {'SS'      }
    {[      81]}
    {[ 64.0000]}
    {[145.0000]}

  Column 3

    {'df' }
    {[  3]}
    {[ 84]}
    {[115]}

  Column 4

    {'MS'      }
    {[      27]}
    {[  0.7619]}
    {0×0 double}

  Column 5

    {'Chi-sq'  }
    {[ 48.6000]}
    {0×0 double}
    {0×0 double}

  Column 6

    {'Prob>Chi-sq'}
    {[ 1.5870e-10]}
    {0×0 double   }
    {0×0 double   }


res_data =

  Column 1

    1.0000
    1.0000
    1.0000
    2.0000
    2.0000
    3.0000

  Column 2

    2.0000
    3.0000
    4.0000
    3.0000
    4.0000
    4.0000

  Column 3

    0.7262
    0.0021
    1.3469
   -1.6186
   -0.2738
    0.4504

  Column 4

    1.6207
    0.8966
    2.2414
   -0.7241
    0.6207
    1.3448

  Column 5

    2.5151
    1.7910
    3.1358
    0.1703
    1.5151
    2.2393

  Column 6

    0.0000
    0.0491
    0.0000
    0.1961
    0.4028
    0.0004

[Fraction time staying in place] 

tbl_data =

  4×6 <a href="matlab:helpPopup cell" style="font-weight:bold">cell</a> array

  Column 1

    {'Source' }
    {'Columns'}
    {'Error'  }
    {'Total'  }

  Column 2

    {'SS'      }
    {[ 17.9655]}
    {[127.0345]}
    {[     145]}

  Column 3

    {'df' }
    {[  3]}
    {[ 84]}
    {[115]}

  Column 4

    {'MS'      }
    {[  5.9885]}
    {[  1.5123]}
    {0×0 double}

  Column 5

    {'Chi-sq'  }
    {[ 10.7793]}
    {0×0 double}
    {0×0 double}

  Column 6

    {'Prob>Chi-sq'}
    {[     0.0130]}
    {0×0 double   }
    {0×0 double   }


res_data =

  Column 1

    1.0000
    1.0000
    1.0000
    2.0000
    2.0000
    3.0000

  Column 2

    2.0000
    3.0000
    4.0000
    3.0000
    4.0000
    4.0000

  Column 3

   -0.5151
   -0.6186
    0.1745
   -0.9979
   -0.2048
   -0.1013

  Column 4

    0.3793
    0.2759
    1.0690
   -0.1034
    0.6897
    0.7931

  Column 5

    1.2738
    1.1703
    1.9634
    0.7910
    1.5841
    1.6876

  Column 6

    1.0000
    1.0000
    0.0097
    1.0000
    0.2516
    0.1159

[Fraction of time turning in place] 

tbl_data =

  4×6 <a href="matlab:helpPopup cell" style="font-weight:bold">cell</a> array

  Column 1

    {'Source' }
    {'Columns'}
    {'Error'  }
    {'Total'  }

  Column 2

    {'SS'      }
    {[  4.4483]}
    {[140.5517]}
    {[     145]}

  Column 3

    {'df' }
    {[  3]}
    {[ 84]}
    {[115]}

  Column 4

    {'MS'      }
    {[  1.4828]}
    {[  1.6732]}
    {0×0 double}

  Column 5

    {'Chi-sq'  }
    {[  2.6690]}
    {0×0 double}
    {0×0 double}

  Column 6

    {'Prob>Chi-sq'}
    {[     0.4455]}
    {0×0 double   }
    {0×0 double   }

[Average time spent staying still (s)] 

tbl_data =

  4×6 <a href="matlab:helpPopup cell" style="font-weight:bold">cell</a> array

  Column 1

    {'Source' }
    {'Columns'}
    {'Error'  }
    {'Total'  }

  Column 2

    {'SS'     }
    {[50.9310]}
    {[94.0690]}
    {[    145]}

  Column 3

    {'df' }
    {[  3]}
    {[ 84]}
    {[115]}

  Column 4

    {'MS'      }
    {[ 16.9770]}
    {[  1.1199]}
    {0×0 double}

  Column 5

    {'Chi-sq'  }
    {[ 30.5586]}
    {0×0 double}
    {0×0 double}

  Column 6

    {'Prob>Chi-sq'}
    {[ 1.0528e-06]}
    {0×0 double   }
    {0×0 double   }


res_data =

  Column 1

    1.0000
    1.0000
    1.0000
    2.0000
    2.0000
    3.0000

  Column 2

    2.0000
    3.0000
    4.0000
    3.0000
    4.0000
    4.0000

  Column 3

   -0.0324
   -0.5496
    0.8642
   -1.4117
    0.0021
    0.5193

  Column 4

    0.8621
    0.3448
    1.7586
   -0.5172
    0.8966
    1.4138

  Column 5

    1.7565
    1.2393
    2.6531
    0.3772
    1.7910
    2.3082

  Column 6

    0.0660
    1.0000
    0.0000
    0.7626
    0.0491
    0.0002

[Fraction of time staying still (freezing)] 

tbl_data =

  4×6 <a href="matlab:helpPopup cell" style="font-weight:bold">cell</a> array

  Column 1

    {'Source' }
    {'Columns'}
    {'Error'  }
    {'Total'  }

  Column 2

    {'SS'     }
    {[31.0000]}
    {[    114]}
    {[    145]}

  Column 3

    {'df' }
    {[  3]}
    {[ 84]}
    {[115]}

  Column 4

    {'MS'      }
    {[ 10.3333]}
    {[  1.3571]}
    {0×0 double}

  Column 5

    {'Chi-sq'  }
    {[ 18.6000]}
    {0×0 double}
    {0×0 double}

  Column 6

    {'Prob>Chi-sq'}
    {[ 3.3072e-04]}
    {0×0 double   }
    {0×0 double   }


res_data =

  Column 1

    1.0000
    1.0000
    1.0000
    2.0000
    2.0000
    3.0000

  Column 2

    2.0000
    3.0000
    4.0000
    3.0000
    4.0000
    4.0000

  Column 3

   -0.3427
   -0.2048
    0.5538
   -0.7565
    0.0021
   -0.1358

  Column 4

    0.5517
    0.6897
    1.4483
    0.1379
    0.8966
    0.7586

  Column 5

    1.4462
    1.5841
    2.3427
    1.0324
    1.7910
    1.6531

  Column 6

    0.6220
    0.2516
    0.0001
    1.0000
    0.0491
    0.1515

[Frequency of stops] 

tbl_data =

  4×6 <a href="matlab:helpPopup cell" style="font-weight:bold">cell</a> array

  Column 1

    {'Source' }
    {'Columns'}
    {'Error'  }
    {'Total'  }

  Column 2

    {'SS'      }
    {[ 10.9310]}
    {[134.0690]}
    {[     145]}

  Column 3

    {'df' }
    {[  3]}
    {[ 84]}
    {[115]}

  Column 4

    {'MS'      }
    {[  3.6437]}
    {[  1.5961]}
    {0×0 double}

  Column 5

    {'Chi-sq'  }
    {[  6.5586]}
    {0×0 double}
    {0×0 double}

  Column 6

    {'Prob>Chi-sq'}
    {[     0.0874]}
    {0×0 double   }
    {0×0 double   }

