[Commanded speed (m/s)] 

tbl_data =

  4×6 <a href="matlab:helpPopup cell" style="font-weight:bold">cell</a> array

  Column 1

    {'Source' }
    {'Columns'}
    {'Error'  }
    {'Total'  }

  Column 2

    {'SS'      }
    {[ 22.7241]}
    {[122.2759]}
    {[     145]}

  Column 3

    {'df' }
    {[  3]}
    {[ 84]}
    {[115]}

  Column 4

    {'MS'      }
    {[  7.5747]}
    {[  1.4557]}
    {0×0 double}

  Column 5

    {'Chi-sq'  }
    {[ 13.6345]}
    {0×0 double}
    {0×0 double}

  Column 6

    {'Prob>Chi-sq'}
    {[     0.0034]}
    {0×0 double   }
    {0×0 double   }


res_data =

  Column 1

    1.0000
    1.0000
    1.0000
    2.0000
    2.0000
    3.0000

  Column 2

    2.0000
    3.0000
    4.0000
    3.0000
    4.0000
    4.0000

  Column 3

   -1.7910
   -1.3772
   -2.0669
   -0.4807
   -1.1703
   -1.5841

  Column 4

   -0.8966
   -0.4828
   -1.1724
    0.4138
   -0.2759
   -0.6897

  Column 5

   -0.0021
    0.4117
   -0.2780
    1.3082
    0.6186
    0.2048

  Column 6

    0.0491
    0.9268
    0.0033
    1.0000
    1.0000
    0.2516

[Commanded turn rate (rad/s)] 

tbl_data =

  4×6 <a href="matlab:helpPopup cell" style="font-weight:bold">cell</a> array

  Column 1

    {'Source' }
    {'Columns'}
    {'Error'  }
    {'Total'  }

  Column 2

    {'SS'      }
    {[ 46.5172]}
    {[ 98.4828]}
    {[145.0000]}

  Column 3

    {'df' }
    {[  3]}
    {[ 84]}
    {[115]}

  Column 4

    {'MS'      }
    {[ 15.5057]}
    {[  1.1724]}
    {0×0 double}

  Column 5

    {'Chi-sq'  }
    {[ 27.9103]}
    {0×0 double}
    {0×0 double}

  Column 6

    {'Prob>Chi-sq'}
    {[ 3.7929e-06]}
    {0×0 double   }
    {0×0 double   }


res_data =

  Column 1

    1.0000
    1.0000
    1.0000
    2.0000
    2.0000
    3.0000

  Column 2

    2.0000
    3.0000
    4.0000
    3.0000
    4.0000
    4.0000

  Column 3

    0.2780
   -0.7220
    0.5883
   -1.8945
   -0.5841
    0.4159

  Column 4

    1.1724
    0.1724
    1.4828
   -1.0000
    0.3103
    1.3103

  Column 5

    2.0669
    1.0669
    2.3772
   -0.1055
    1.2048
    2.2048

  Column 6

    0.0033
    1.0000
    0.0001
    0.0191
    1.0000
    0.0007

[Robot speed (m/s)] 

tbl_data =

  4×6 <a href="matlab:helpPopup cell" style="font-weight:bold">cell</a> array

  Column 1

    {'Source' }
    {'Columns'}
    {'Error'  }
    {'Total'  }

  Column 2

    {'SS'      }
    {[ 37.9655]}
    {[107.0345]}
    {[     145]}

  Column 3

    {'df' }
    {[  3]}
    {[ 84]}
    {[115]}

  Column 4

    {'MS'      }
    {[ 12.6552]}
    {[  1.2742]}
    {0×0 double}

  Column 5

    {'Chi-sq'  }
    {[ 22.7793]}
    {0×0 double}
    {0×0 double}

  Column 6

    {'Prob>Chi-sq'}
    {[ 4.4894e-05]}
    {0×0 double   }
    {0×0 double   }


res_data =

  Column 1

    1.0000
    1.0000
    1.0000
    2.0000
    2.0000
    3.0000

  Column 2

    2.0000
    3.0000
    4.0000
    3.0000
    4.0000
    4.0000

  Column 3

   -1.8255
   -1.3772
   -2.4462
   -0.4462
   -1.5151
   -1.9634

  Column 4

   -0.9310
   -0.4828
   -1.5517
    0.4483
   -0.6207
   -1.0690

  Column 5

   -0.0366
    0.4117
   -0.6573
    1.3427
    0.2738
   -0.1745

  Column 6

    0.0362
    0.9268
    0.0000
    1.0000
    0.4028
    0.0097

[Robot turn rate (rad/s)] 

tbl_data =

  4×6 <a href="matlab:helpPopup cell" style="font-weight:bold">cell</a> array

  Column 1

    {'Source' }
    {'Columns'}
    {'Error'  }
    {'Total'  }

  Column 2

    {'SS'      }
    {[ 17.6897]}
    {[127.3103]}
    {[     145]}

  Column 3

    {'df' }
    {[  3]}
    {[ 84]}
    {[115]}

  Column 4

    {'MS'      }
    {[  5.8966]}
    {[  1.5156]}
    {0×0 double}

  Column 5

    {'Chi-sq'  }
    {[ 10.6138]}
    {0×0 double}
    {0×0 double}

  Column 6

    {'Prob>Chi-sq'}
    {[     0.0140]}
    {0×0 double   }
    {0×0 double   }


res_data =

  Column 1

    1.0000
    1.0000
    1.0000
    2.0000
    2.0000
    3.0000

  Column 2

    2.0000
    3.0000
    4.0000
    3.0000
    4.0000
    4.0000

  Column 3

   -0.7910
   -1.4807
   -1.7220
   -1.5841
   -1.8255
   -1.1358

  Column 4

    0.1034
   -0.5862
   -0.8276
   -0.6897
   -0.9310
   -0.2414

  Column 5

    0.9979
    0.3082
    0.0669
    0.2048
   -0.0366
    0.6531

  Column 6

    1.0000
    0.5028
    0.0879
    0.2516
    0.0362
    1.0000

