[Mental] 

tbl_data =

  4×6 <a href="matlab:helpPopup cell" style="font-weight:bold">cell</a> array

  Column 1

    {'Source' }
    {'Columns'}
    {'Error'  }
    {'Total'  }

  Column 2

    {'SS'      }
    {[ 17.4655]}
    {[101.5345]}
    {[     119]}

  Column 3

    {'df' }
    {[  3]}
    {[ 84]}
    {[115]}

  Column 4

    {'MS'      }
    {[  5.8218]}
    {[  1.2087]}
    {0×0 double}

  Column 5

    {'Chi-sq'  }
    {[ 12.7689]}
    {0×0 double}
    {0×0 double}

  Column 6

    {'Prob>Chi-sq'}
    {[     0.0052]}
    {0×0 double   }
    {0×0 double   }


res_data =

  Column 1

    1.0000
    1.0000
    1.0000
    2.0000
    2.0000
    3.0000

  Column 2

    2.0000
    3.0000
    4.0000
    3.0000
    4.0000
    4.0000

  Column 3

    0.1725
   -0.0689
    0.0862
   -1.0517
   -0.8965
   -0.6551

  Column 4

    0.9828
    0.7414
    0.8966
   -0.2414
   -0.0862
    0.1552

  Column 5

    1.7931
    1.5517
    1.7069
    0.5689
    0.7241
    0.9655

  Column 6

    0.0083
    0.0947
    0.0211
    1.0000
    1.0000
    1.0000

[Physical] 

tbl_data =

  4×6 <a href="matlab:helpPopup cell" style="font-weight:bold">cell</a> array

  Column 1

    {'Source' }
    {'Columns'}
    {'Error'  }
    {'Total'  }

  Column 2

    {'SS'     }
    {[ 8.6379]}
    {[54.3621]}
    {[     63]}

  Column 3

    {'df' }
    {[  3]}
    {[ 84]}
    {[115]}

  Column 4

    {'MS'      }
    {[  2.8793]}
    {[  0.6472]}
    {0×0 double}

  Column 5

    {'Chi-sq'  }
    {[ 11.9286]}
    {0×0 double}
    {0×0 double}

  Column 6

    {'Prob>Chi-sq'}
    {[     0.0076]}
    {0×0 double   }
    {0×0 double   }


res_data =

  Column 1

    1.0000
    1.0000
    1.0000
    2.0000
    2.0000
    3.0000

  Column 2

    2.0000
    3.0000
    4.0000
    3.0000
    4.0000
    4.0000

  Column 3

    0.1173
   -0.2448
    0.0139
   -0.9517
   -0.6930
   -0.3310

  Column 4

    0.7069
    0.3448
    0.6034
   -0.3621
   -0.1034
    0.2586

  Column 5

    1.2965
    0.9344
    1.1930
    0.2275
    0.4861
    0.8482

  Column 6

    0.0094
    0.7369
    0.0416
    0.6312
    1.0000
    1.0000

[Temporal] 

tbl_data =

  4×6 <a href="matlab:helpPopup cell" style="font-weight:bold">cell</a> array

  Column 1

    {'Source' }
    {'Columns'}
    {'Error'  }
    {'Total'  }

  Column 2

    {'SS'      }
    {[ 10.5000]}
    {[     105]}
    {[115.5000]}

  Column 3

    {'df' }
    {[  3]}
    {[ 84]}
    {[115]}

  Column 4

    {'MS'      }
    {[  3.5000]}
    {[  1.2500]}
    {0×0 double}

  Column 5

    {'Chi-sq'  }
    {[  7.9091]}
    {0×0 double}
    {0×0 double}

  Column 6

    {'Prob>Chi-sq'}
    {[     0.0479]}
    {0×0 double   }
    {0×0 double   }


res_data =

  Column 1

    1.0000
    1.0000
    1.0000
    2.0000
    2.0000
    3.0000

  Column 2

    2.0000
    3.0000
    4.0000
    3.0000
    4.0000
    4.0000

  Column 3

   -0.1604
   -0.1086
   -0.0569
   -0.7466
   -0.6948
   -0.7466

  Column 4

    0.6379
    0.6897
    0.7414
    0.0517
    0.1034
    0.0517

  Column 5

    1.4362
    1.4880
    1.5397
    0.8500
    0.9017
    0.8500

  Column 6

    0.2100
    0.1359
    0.0857
    1.0000
    1.0000
    1.0000

[Performance] 

tbl_data =

  4×6 <a href="matlab:helpPopup cell" style="font-weight:bold">cell</a> array

  Column 1

    {'Source' }
    {'Columns'}
    {'Error'  }
    {'Total'  }

  Column 2

    {'SS'     }
    {[ 5.0517]}
    {[60.4483]}
    {[65.5000]}

  Column 3

    {'df' }
    {[  3]}
    {[ 84]}
    {[115]}

  Column 4

    {'MS'      }
    {[  1.6839]}
    {[  0.7196]}
    {0×0 double}

  Column 5

    {'Chi-sq'  }
    {[  6.7099]}
    {0×0 double}
    {0×0 double}

  Column 6

    {'Prob>Chi-sq'}
    {[     0.0817]}
    {0×0 double   }
    {0×0 double   }

[Effort] 

tbl_data =

  4×6 <a href="matlab:helpPopup cell" style="font-weight:bold">cell</a> array

  Column 1

    {'Source' }
    {'Columns'}
    {'Error'  }
    {'Total'  }

  Column 2

    {'SS'     }
    {[27.6379]}
    {[90.3621]}
    {[    118]}

  Column 3

    {'df' }
    {[  3]}
    {[ 84]}
    {[115]}

  Column 4

    {'MS'      }
    {[  9.2126]}
    {[  1.0757]}
    {0×0 double}

  Column 5

    {'Chi-sq'  }
    {[ 20.3771]}
    {0×0 double}
    {0×0 double}

  Column 6

    {'Prob>Chi-sq'}
    {[ 1.4178e-04]}
    {0×0 double   }
    {0×0 double   }


res_data =

  Column 1

    1.0000
    1.0000
    1.0000
    2.0000
    2.0000
    3.0000

  Column 2

    2.0000
    3.0000
    4.0000
    3.0000
    4.0000
    4.0000

  Column 3

    0.4172
    0.3310
    0.1414
   -0.8931
   -1.0828
   -0.9965

  Column 4

    1.2241
    1.1379
    0.9483
   -0.0862
   -0.2759
   -0.1897

  Column 5

    2.0310
    1.9448
    1.7552
    0.7207
    0.5310
    0.6172

  Column 6

    0.0004
    0.0012
    0.0116
    1.0000
    1.0000
    1.0000

[Frustration] 

tbl_data =

  4×6 <a href="matlab:helpPopup cell" style="font-weight:bold">cell</a> array

  Column 1

    {'Source' }
    {'Columns'}
    {'Error'  }
    {'Total'  }

  Column 2

    {'SS'     }
    {[15.7414]}
    {[88.2586]}
    {[    104]}

  Column 3

    {'df' }
    {[  3]}
    {[ 84]}
    {[115]}

  Column 4

    {'MS'      }
    {[  5.2471]}
    {[  1.0507]}
    {0×0 double}

  Column 5

    {'Chi-sq'  }
    {[ 13.1683]}
    {0×0 double}
    {0×0 double}

  Column 6

    {'Prob>Chi-sq'}
    {[     0.0043]}
    {0×0 double   }
    {0×0 double   }


res_data =

  Column 1

    1.0000
    1.0000
    1.0000
    2.0000
    2.0000
    3.0000

  Column 2

    2.0000
    3.0000
    4.0000
    3.0000
    4.0000
    4.0000

  Column 3

    0.1908
   -0.0851
   -0.5161
   -1.0334
   -1.4644
   -1.1885

  Column 4

    0.9483
    0.6724
    0.2414
   -0.2759
   -0.7069
   -0.4310

  Column 5

    1.7058
    1.4299
    0.9989
    0.4817
    0.0506
    0.3265

  Column 6

    0.0057
    0.1151
    1.0000
    1.0000
    0.0829
    0.7998

