[Mental] 

tbl_data =

  4×6 <a href="matlab:helpPopup cell" style="font-weight:bold">cell</a> array

  Columns 1 through 2

    {'Source' }    {'SS'     }
    {'Columns'}    {[23.1333]}
    {'Error'  }    {[41.8667]}
    {'Total'  }    {[     65]}

  Columns 3 through 4

    {'df'}    {'MS'      }
    {[ 3]}    {[  7.7111]}
    {[42]}    {[  0.9968]}
    {[59]}    {0×0 double}

  Columns 5 through 6

    {'Chi-sq'  }    {'Prob>Chi-sq'}
    {[ 16.0154]}    {[     0.0011]}
    {0×0 double}    {0×0 double   }
    {0×0 double}    {0×0 double   }


res_data =

  Columns 1 through 3

    1.0000    2.0000   -0.0911
    1.0000    3.0000   -0.3578
    1.0000    4.0000    0.5755
    2.0000    3.0000   -1.4245
    2.0000    4.0000   -0.4911
    3.0000    4.0000   -0.2245

  Columns 4 through 6

    1.0667    2.2245    0.0904
    0.8000    1.9578    0.4099
    1.7333    2.8911    0.0005
   -0.2667    0.8911    1.0000
    0.6667    1.8245    0.7724
    0.9333    2.0911    0.2006

[Physical] 

tbl_data =

  4×6 <a href="matlab:helpPopup cell" style="font-weight:bold">cell</a> array

  Columns 1 through 2

    {'Source' }    {'SS'     }
    {'Columns'}    {[11.2333]}
    {'Error'  }    {[34.7667]}
    {'Total'  }    {[     46]}

  Columns 3 through 4

    {'df'}    {'MS'      }
    {[ 3]}    {[  3.7444]}
    {[42]}    {[  0.8278]}
    {[59]}    {0×0 double}

  Columns 5 through 6

    {'Chi-sq'  }    {'Prob>Chi-sq'}
    {[ 10.9891]}    {[     0.0118]}
    {0×0 double}    {0×0 double   }
    {0×0 double}    {0×0 double   }


res_data =

  Columns 1 through 3

    1.0000    2.0000   -0.1407
    1.0000    3.0000   -0.7407
    1.0000    4.0000    0.0927
    2.0000    3.0000   -1.5740
    2.0000    4.0000   -0.7407
    3.0000    4.0000   -0.1407

  Columns 4 through 6

    0.8333    1.8073    0.1440
    0.2333    1.2073    1.0000
    1.0667    2.0407    0.0232
   -0.6000    0.3740    0.6247
    0.2333    1.2073    1.0000
    0.8333    1.8073    0.1440

[Temporal] 

tbl_data =

  4×6 <a href="matlab:helpPopup cell" style="font-weight:bold">cell</a> array

  Columns 1 through 2

    {'Source' }    {'SS'     }
    {'Columns'}    {[11.7667]}
    {'Error'  }    {[46.7333]}
    {'Total'  }    {[58.5000]}

  Columns 3 through 4

    {'df'}    {'MS'      }
    {[ 3]}    {[  3.9222]}
    {[42]}    {[  1.1127]}
    {[59]}    {0×0 double}

  Columns 5 through 6

    {'Chi-sq'  }    {'Prob>Chi-sq'}
    {[  9.0513]}    {[     0.0286]}
    {0×0 double}    {0×0 double   }
    {0×0 double}    {0×0 double   }


res_data =

  Columns 1 through 3

    1.0000    2.0000   -0.8317
    1.0000    3.0000   -0.3984
    1.0000    4.0000    0.0683
    2.0000    3.0000   -0.6651
    2.0000    4.0000   -0.1984
    3.0000    4.0000   -0.6317

  Columns 4 through 6

    0.2667    1.3651    1.0000
    0.7000    1.7984    0.5562
    1.1667    2.2651    0.0304
    0.4333    1.5317    1.0000
    0.9000    1.9984    0.1838
    0.4667    1.5651    1.0000

[Performance] 

tbl_data =

  4×6 <a href="matlab:helpPopup cell" style="font-weight:bold">cell</a> array

  Columns 1 through 2

    {'Source' }    {'SS'     }
    {'Columns'}    {[ 6.4333]}
    {'Error'  }    {[29.5667]}
    {'Total'  }    {[     36]}

  Columns 3 through 4

    {'df'}    {'MS'      }
    {[ 3]}    {[  2.1444]}
    {[42]}    {[  0.7040]}
    {[59]}    {0×0 double}

  Columns 5 through 6

    {'Chi-sq'  }    {'Prob>Chi-sq'}
    {[  8.0417]}    {[     0.0452]}
    {0×0 double}    {0×0 double   }
    {0×0 double}    {0×0 double   }


res_data =

  Columns 1 through 3

    1.0000    2.0000   -0.3617
    1.0000    3.0000   -0.8950
    1.0000    4.0000   -0.1283
    2.0000    3.0000   -1.3950
    2.0000    4.0000   -0.6283
    3.0000    4.0000   -0.0950

  Columns 4 through 6

    0.5000    1.3617    0.7547
   -0.0333    0.8283    1.0000
    0.7333    1.5950    0.1485
   -0.5333    0.3283    0.6148
    0.2333    1.0950    1.0000
    0.7667    1.6283    0.1134

[Effort] 

tbl_data =

  4×6 <a href="matlab:helpPopup cell" style="font-weight:bold">cell</a> array

  Columns 1 through 2

    {'Source' }    {'SS'     }
    {'Columns'}    {[24.3333]}
    {'Error'  }    {[35.6667]}
    {'Total'  }    {[     60]}

  Columns 3 through 4

    {'df'}    {'MS'      }
    {[ 3]}    {[  8.1111]}
    {[42]}    {[  0.8492]}
    {[59]}    {0×0 double}

  Columns 5 through 6

    {'Chi-sq'  }    {'Prob>Chi-sq'}
    {[ 18.2500]}    {[ 3.9060e-04]}
    {0×0 double}    {0×0 double   }
    {0×0 double}    {0×0 double   }


res_data =

  Columns 1 through 3

    1.0000    2.0000    0.1543
    1.0000    3.0000    0.0209
    1.0000    4.0000    0.6209
    2.0000    3.0000   -1.2457
    2.0000    4.0000   -0.6457
    3.0000    4.0000   -0.5124

  Columns 4 through 6

    1.2667    2.3791    0.0160
    1.1333    2.2457    0.0431
    1.7333    2.8457    0.0002
   -0.1333    0.9791    1.0000
    0.4667    1.5791    1.0000
    0.6000    1.7124    0.9284

[Frustration] 

tbl_data =

  4×6 <a href="matlab:helpPopup cell" style="font-weight:bold">cell</a> array

  Columns 1 through 2

    {'Source' }    {'SS'     }
    {'Columns'}    {[ 7.1000]}
    {'Error'  }    {[40.4000]}
    {'Total'  }    {[47.5000]}

  Columns 3 through 4

    {'df'}    {'MS'      }
    {[ 3]}    {[  2.3667]}
    {[42]}    {[  0.9619]}
    {[59]}    {0×0 double}

  Columns 5 through 6

    {'Chi-sq'  }    {'Prob>Chi-sq'}
    {[  6.7263]}    {[     0.0812]}
    {0×0 double}    {0×0 double   }
    {0×0 double}    {0×0 double   }

